
from backtest import backtest
import numpy as np
import pandas as pd


class Stocks():
    '''
    __init__(self, path)- Initializes stock information from historical data
    :argument: path - path to historical data of stocks
    '''

    def __init__(self) -> None:
        # (Dataframe) Historical stock prices with datetime object as indices and stock ticker as each column's name
        self.price_data = None

        # (Dataframe) Historical stock returns with datetime object as indices and stock ticker as each column's name
        self.returns_data = None

        # (Boolean) Whether or not to calculate historical statistics (updated after first day to False)
        self.first_run = True

        # (Series) Annual returns of each stock with stock ticker labels (EMA updated daily)
        self.annual_returns = None

        # (Series) Variance of each stock with stock ticker labels (EMA updated daily)
        self.vars = None

        # (Float) Average variance across all the stocks during historical
        self.avg_var = None

        # (Series) Mean price of each stock with stock ticker labels to calculate variance (EMA updated daily)
        self.mean_prices = None

        # (Series) Last price of each stock to calculate new return (updated daily)
        self.last_prices = None

        # (Dataframe) Covariance matrix between stocks (diagonal is updated with new variances)
        self.cov = None

        # (List) Tickers to label stock information Series's
        self.tickers = ['YPA', 'AOX', 'KWE', 'VSR', 'VWR', 'ZNX', 'MWN', 'MZJ', 'VEO', 'GJA',
                        'TUW', 'HBM', 'WNF', 'ABM', 'RLR', 'GPE', 'BUL', 'PKU', 'VLK', 'VYQ',
                        'EVW', 'NQW', 'PHV', 'DAI', 'WGQ', 'JFL', 'RLF', 'NFR', 'ZKY', 'STK',
                        'OWG', 'YLF', 'CPM', 'TGI', 'MGW', 'NTR', 'KKD', 'JPN', 'CGS', 'VOX']
        # (List) Labels for weights returned from strategy function to fit backtester's expected format
        self.weight_labels = ['YPA weight', 'AOX weight', 'KWE weight', 'VSR weight', 'VWR weight', 'ZNX weight', 'MWN weight', 'MZJ weight', 'VEO weight',
                              'GJA weight', 'TUW weight', 'HBM weight', 'WNF weight', 'ABM weight', 'RLR weight', 'GPE weight', 'BUL weight', 'PKU weight',
                              'VLK weight', 'VYQ weight', 'EVW weight', 'NQW weight', 'PHV weight', 'DAI weight', 'WGQ weight', 'JFL weight', 'RLF weight',
                              'NFR weight', 'ZKY weight', 'STK weight', 'OWG weight', 'YLF weight', 'CPM weight', 'TGI weight', 'MGW weight', 'NTR weight',
                              'KKD weight', 'JPN weight', 'CGS weight', 'VOX weight']

    '''
    clean_historical_data(self) - Cleans historical price data of stocks from provided Price Data excel format to backtester expected format

    Returns:
    Nothing, updates self.price_data and downloads cleaned price data as 'price_data_cleaned.csv' to current directory
    '''

    def clean_historical_data(self, path):
        self.price_data = pd.read_csv(path)
        # Remove first row of shares information (strategy allocates percentage of portfolio to each stock irrespective of market cap)
        self.price_data = self.price_data[1:]
        # Rename column of dates to backtester expected column name "Date"
        self.price_data = self.price_data.rename(columns={"Ticker": "Date"})
        # Convert string dates to backtester expected object type of DateTime
        self.price_data['Date'] = pd.to_datetime(self.price_data['Date'])
        # Set Date column as index of price data DataFrame
        self.price_data = self.price_data.set_index('Date')
        # Download re-formatted price data DataFrame to be passed into backtester as 'price_data_cleaned.csv'
        self.price_data.to_csv(
            'portfolio_allocation/backtest_v2/price_data_cleaned.csv')

    # Proxy for momentum: new_var for security = (var of security - mean var)^2 + mean var
    def new_var(self, old_var):
        return (old_var - self.avg_var)**2 + self.avg_var
    '''
    historical_training(self) - On first day, initialize historical stock information variables
    Returns:
    Nothing, initializes self.returns_data, self.cov, self.mean_prices, self.vars, and self.annual_returns from historical data
    '''

    def historical_training(self):
        self.vars = self.price_data.var()
        self.cov = self.price_data.cov()

        # USING RETURNS PRODUCES WORSE RESULTS Convert price data to returns
        # self.returns_data = self.price_data.pct_change(1)
        # self.price_data[1:].div(self.price_data.shift(1))
        # self.returns_data = self.returns_data.dropna()
        # print(self.returns_data)

        # Calculate covariance matrix of returns between each pair of stock
        # self.vars = self.returns_data.var()
        # self.cov = self.returns_data.cov()

        # New proxy for momentum, squared difference from average market variance is sign of increasing volatility
        # find average variance of historical period
        self.avg_var = self.vars.mean()
        self.vars = self.vars.apply(self.new_var)

        # weekly average price
        weekly_avg = self.price_data.groupby(
            np.arange(len(self.price_data))//5).mean()

        # three month return, 50 windows one for each week,
        # average 3 month return rate * 4 = yearly return rate
        weekly_avg_shifted = weekly_avg.shift(12)
        three_month_return = weekly_avg.sub(weekly_avg_shifted)
        three_month_return = weekly_avg.sub(
            weekly_avg_shifted).div(weekly_avg_shifted)
        three_month_return = three_month_return.dropna()
        mean_three_month_return = three_month_return.mean()
        self.annual_returns = mean_three_month_return.multiply(4)

        # Calculate mean prices of each stock
        self.mean_prices = self.price_data.mean()

    '''
    update(self, prices) - Update variance and projected annual returns using new prices

    :prices: - (Series) New prices for the current day with stock tickers as labels
    Returns:
    Nothing, updates self.annual_returns, self.vars, self.mean_prices, and the variances in self.cov from historical data
    '''

    def update(self, prices):
        # Calculate daily return from yesterday to today
        current_return = prices.subtract(
            self.last_prices).divide(self.last_prices)

        # Project today's daily return to annual return
        # Update annual returns by weighted average of today's annual return and historical annual returns
        self.annual_returns = current_return.add(249/250 * self.annual_returns)

        # Calculate today's variance using mean prices
        current_var = prices.subtract(self.mean_prices)
        current_var = current_var.multiply(current_var)
        # Using new var on each daily variance is not beneficial
        # self.avg_var =  (1/250 * current_var.mean()) + (249/250 * self.avg_var)
        # current_var = current_var.apply(self.new_var)

        # Update variances by weighted average of today's variances and historical variances
        self.vars = (1/250 * current_var).add(249/250 * self.vars)

        # Update variances in covariance matrix with new variances
        np.fill_diagonal(self.cov.values, self.vars)

        # Update mean prices with weighted average of today's prices and historical mean
        self.mean_prices = prices.multiply(1/250).add(249/250*self.mean_prices)

        # Update last prices to today's prices for tomorrow's daily return calculation
        self.last_prices = prices

    '''
    markowitz(self) - calculate optimal market portfolio weights given risk free rate of 0

    Returns:
    (Series) Weights of optimal market portfolio with weights labels ("<stock ticker> weights") as labels
    '''

    def markowitz(self):
        V = self.cov
        mu = np.array(self.annual_returns)

        e = np.ones(40)

        V_inv = np.linalg.inv(V)

        B = np.dot(np.dot(mu.transpose(), V_inv), e)

        W = np.dot(V_inv, mu)/B

        # Convert to backtester expected format
        weights = pd.DataFrame([W], columns=self.weight_labels)
        weights = weights.iloc[0]

        return weights


'''
strat_function(preds, prices) - user specified mapping from past n days of price and analyst data to weights.
Returns: An array of asset weightings. The maximum weighting is 1, and the minimum is -1. The weights must sum to between -1 and 1.

Refer to test datasets for the shape of input data. Both preds and prices will be 2 dimensional arrays, with number of columns equal to number of assets + 1.
Number of days equal to number of rows. The first column will be date data.

Your strategy function needs to work with this data to geenrate portfolio weights.

'''
def initialize_stocks():
    # Create Stocks instance to keep track of stock information starting with historical data from provided Price Data from case packet
    stocks = Stocks()

    #Run on historical data to initialize stock information variables
    #Path = "portfolio_allocation/backtest_v2/price_data.csv"
    # Reformat price data to fit backtester expectations and download to local directory as "price_data_cleaned.csv" to pass into backtester
    #stocks.clean_historical_data(Path)
    # Initialize stock information on historical data
    #stocks.historical_training()

    # Results of running on historical training, use these values if you can't access historical data
    stocks.mean_prices = pd.Series([321.7841894940711, 145.16122533992097, 11.743280632411066, 51.1164426916996, 30.739367588932808, 19.069920948616602, 131.64442687747035, 
                                    310.9828458498024, 125.30177865612647, 114.08841897233201, 35.76940711462451, 4.029486166007905, 10.41296442687747, 65.56557312252963, 
                                    96.15573122529645, 29.010079051383396, 96.22782608695653, 86.87118577075097, 147.35545454545453, 101.84103754940712, 65.25754940711462, 
                                    27.999, 109.60522332015809, 26.649090909090905, 299.9473122529645, 66.32620553359683, 126.67183122529644, 23.98403162055336, 280.3343470355731, 
                                    185.66569169960474, 78.66426877470354, 400.17683794466404, 120.17703557312251, 11.009573122529645, 301.7492885375494, 64.92845849802372, 261.3626877470356, 
                                    219.23945968379445, 72.87743083003953, 50.98794466403162], stocks.tickers)
    stocks.annual_returns = pd.Series([0.6376222086707533, 0.11701111773507489, 0.6857481692790537, 0.4616662354515469, 1.4481911992432848,
                                    0.6087266097537347, 0.2744388787170686, 0.29546748708800935, 0.32294621452704436, 0.9090733449914711,
                                    0.5699416502508606, -0.00827408039956556, 0.020546179359254624, 0.48249751702287763, 0.18870676632774003,
                                    3.3087088280292427, 0.2919864717054104, 0.6752621549930443, 0.12239987649849304, 0.5418754311736278, 0.7947240735811,
                                    0.27594147810262926, 0.6542854677950188, 0.4244460299162043, 0.24082600492696465, 0.7391627591226676, 0.19933438648004165,
                                    0.11804547230580455, 0.42043286551744447, 0.15983024138279683, 1.0699613040222744, 0.2562161156692246, 0.40012337592316566,
                                    0.0752104728326655, 0.24291598733608857, 0.19865635318835, 0.3953343573818566, 0.6727805912480004,
                                    0.4590313531622246, 0.32110712618093257], stocks.tickers)

    stocks.vars = pd.Series([14723866.19979624, 155105.57865333726, 194206.81891115106, 144598.0272807001, 110518.79848536834, 186448.5668214114,
                            103265.57287112904, 162665.60588579805, 66656.03996423866, 56001.78801123041, 173593.84451626404, 198851.61899226037, 198937.68696388387,
                            121842.39572180247, 139487.70515341102, 44294.524847068686, 108472.4296276876, 21248.832567946094, 125679.97762790811, 24240.84449968515,
                            48792.643934879, 194155.9130770018, 1445.510048497713, 177090.56450408825, 51549.54391603995, 52046.47183596803, 119441.8512893051,
                            190156.8397718032, 941048.0066241274, 72617.61150075062, 19638.481850817607, 3630417.2469287566, 31983.907813601527, 198070.2689304724,
                            325345.8096112677, 149553.46582523026, 303823.622407768, 1164474.7011751668, 116188.72334125571, 164690.4207126014], stocks.tickers)

    stocks.avg_var = 445.5957944729342

    stocks.cov = pd.DataFrame([[4282.706765503323, 367.38202896718747, 132.09500936003943, 314.49012530444634, 582.8851945559883, 155.26820415634873, 513.2580124821691, 829.0503416985089, 788.8252201007049, 1349.1532848689978, 241.08710422620683, 2.828305020215196, 5.03451415622796, 422.34450410910034, 184.7427193616016, 799.6104771976592, 425.67610114341954, 869.5900590059204, 429.4545692853896, 760.1326536080863, 737.1619701774453, 140.49515662894038, 1186.199575138706, 185.6717846383478, 1336.8598800091113, 746.02042727581, 547.5418819863959, -59.78872548069024, 2049.354634498652, 643.9492445632881, 1449.188573918834, 495.6653976586718, 601.8540868469861, 15.30183234535063, 1577.314947626939, 26.487511183026573, 1419.8718028281519, 634.9732582922309, 604.373334988298, 235.99655655530515], 
                            [367.38202896718747, 52.32746005117536, 7.793266498682008, 11.67154672902719, 52.994159718430105, 6.34892579526508, 61.178586850909845, 83.42635986267959, 74.80871195732954, 96.41208522153165, 14.606726430599164, 0.0751626387071021, 0.04306994323436221, 24.977024066034573, 36.94207373490918, 44.96417691386189, 19.818591455543473, 55.40369337483345, 44.784240947424216, 84.03934231070741, 40.89420052238393, 12.826386200123014, 108.98503647947337, 8.8916819892785, 141.6425536145284, 43.00546660859655, 47.71610087254927, -6.4744852802647594, 239.45244722022431, 49.02933229956556, 133.17524368278924, 156.6417679910791, 26.01323421287675, -0.12065910260431897, 197.43843393714752, -11.978492425188223, 158.49397890221763, 48.306378850579236, 54.32006648861487, 8.51695597558239], 
                            [132.09500936003943, 7.793266498682008, 5.412624512202776, 16.61029910740433, 20.439235019449168, 7.589054625447012, 15.472875498776581, 33.56791562676452, 26.282985808394507, 56.41818020735303, 10.813898778154217, 0.17541320032624375, 0.3107934108162369, 19.386117358366253, 2.2916223931865245, 33.37482354915619, 21.355903985507247, 36.162336173850285, 9.649382828282832, 20.684814638230126, 32.27025330949244, 4.755070119047618, 40.13829017715982, 8.561815295815293, 41.06205845567473, 31.73048749764725, 18.60181327810715, -0.6914263739883307, 54.67235575381144, 24.850159428132255, 46.04721252744844, -0.8897391884685465, 30.84636770029486, 0.9192141837630969, 31.091041629023145, 7.596603093042222, 42.149212179245865, 40.85144286294624, 20.737996160361362, 12.009775817177989], 
                            [314.49012530444634, 11.67154672902719, 16.61029910740433, 65.92168225796223, 56.65826979385187, 27.552700866959608, 34.91560827676703, 96.13409440762692, 77.89507732281248, 186.69693501367735, 35.361313933387876, 1.1584949932139723, 1.378867371750894, 70.64754995140757, -7.7947653012419265, 105.52995253315947, 80.49693133357314, 115.82314650739083, 12.224939462759743, 24.883025414884614, 109.68087162563036, 12.68511745969047, 103.65298892369408, 33.445242969956716, 108.93990443523934, 107.24351178763496, 56.49794819983348, 2.923194784025661, 97.80011839229513, 86.3337887574363, 117.28688915235313, -85.61472410804218, 118.14510222559034, 4.410753271677396, 12.406221469660741, 44.442848691705414, 80.60015473357012, 168.88456470932633, 55.424798681387344, 45.10904191142731], 
                            [582.8851945559883, 52.994159718430105, 20.439235019449168, 56.65826979385187, 113.8229765825961, 30.23110629901499, 83.62657344563651, 168.72949426720632, 133.76664001819438, 245.51537518664927, 45.731679782295004, -0.1960701675136462, 0.6444467234456365, 86.47514441150635, 34.77830363887321, 133.9496639390802, 87.57248234989655, 166.89430987985438, 48.547118542568526, 125.99676673019006, 133.53939011073476, 23.321754047619045, 203.02666573702874, 33.34766767676767, 232.27600503952561, 127.99942020986263, 88.62931025395251, -7.983895852939329, 328.9938116727211, 103.59974408996806, 238.5223737420792, 153.2585468018696, 119.77298899084006, 2.8715329829349434, 205.39128208796035, 24.49711171968131, 238.22879813507743, 182.1455780418629, 99.3781360671936, 45.18741734581845], 
                            [155.26820415634873, 6.34892579526508, 7.589054625447012, 27.552700866959608, 30.23110629901499, 14.315176977853062, 14.490844398958535, 37.823135543321456, 37.602318395131434, 87.24542923960094, 16.640338048183693, 0.37594678461634956, 0.5166057908275299, 34.66671075977157, -4.750648354664661, 51.14222460944851, 38.08676887508624, 57.74130326871195, 6.520311940836946, 15.622747999011851, 52.32313234519106, 6.113709404761899, 50.93395188280317, 15.650543181818184, 55.20934621525808, 50.464823905201065, 28.564937986605155, -1.1095373784428133, 50.89890082516156, 41.70478656283328, 62.546875735617014, -31.754999060480557, 54.059390637743874, 2.271170164533535, 13.728665022899808, 18.554312179245883, 37.189128387916384, 60.174915175371765, 27.274033129430954, 20.550538725766987], 
                            [513.2580124821691, 61.178586850909845, 15.472875498776581, 34.91560827676703, 83.62657344563651, 14.490844398958535, 124.94025175356049, 267.0062433041596, 105.03831153930614, 194.63120782044055, 40.876308587427076, -0.1341048591505117, 0.7740729358805434, 52.82562245278876, 69.79412452788758, 81.61484607723193, 43.43031085231192, 107.74731933308252, 56.8395602813853, 158.6337764402566, 76.39386485977785, 21.690140952380954, 187.5078267455612, 11.190400072150076, 193.2121036122091, 76.28828035635867, 59.6343186191574, 5.393753113432456, 378.55349777508, 68.53927708450972, 183.75950285306482, 323.7538192123094, 80.16063698475439, -0.8986674281636235, 239.22833887634107, 9.773504073342108, 324.22687614969584, 277.6834379529926, 88.27829594234271, 27.92671429355668], 
                            [829.0503416985089, 83.42635986267959, 33.56791562676452, 96.13409440762692, 168.72949426720632, 37.823135543321456, 267.0062433041596, 848.361247424556, 193.5646770609824, 469.29983110452304, 109.3756441542757, -1.1880457541251024, 2.8018129587803506, 130.90435788631646, 151.65253957745145, 169.2076541392184, 104.24557843340223, 253.33525692954368, 92.2744113997114, 361.5038192577952, 163.18234350963047, 43.477015476190495, 382.41266840956155, 19.189257756132747, 346.1512707745153, 152.60794298418975, 95.95679331157845, 35.48013014775079, 722.5499671632317, 111.17744207133438, 312.6711798669929, 803.0623637963482, 222.11379180312457, -2.4044214787627802, 350.66341393751156, 62.92279210270402, 761.9573407334211, 879.0634379048721, 170.33922202302526, 86.65986539619804], 
                            [788.8252201007049, 74.80871195732954, 26.282985808394507, 77.89507732281248, 133.76664001819438, 37.602318395131434, 105.03831153930614, 193.5646770609824, 188.2818924587489, 316.64934647405755, 54.458326852374654, 0.6392001239099059, 1.3278185159043858, 107.76669401624947, 32.56803301963735, 172.92560779534472, 109.77980308833695, 201.08324867620297, 79.02106049783553, 133.50254973453474, 170.41901151891585, 29.88425928571426, 250.9093000377219, 51.64913178210677, 315.0365774185959, 169.51579883932487, 126.18320923789126, -10.5863833897986, 413.05944374537285, 157.5646049156158, 310.61429832956895, 70.89934215446392, 162.58512315076214, 5.430729016249448, 278.3560016672941, 29.74541505426942, 274.940234486166, 180.63969248865996, 127.1380982385973, 57.55902152738571], 
                            [1349.1532848689978, 96.41208522153165, 56.41818020735303, 186.69693501367735, 245.51537518664927, 87.24542923960094, 194.63120782044055, 469.29983110452304, 316.64934647405755, 681.2994054269402, 126.19382286843584, 1.5789499780412808, 3.609442403852185, 233.79410924305162, 39.650610684484576, 357.7775659984943, 247.1351076604554, 413.69266894566783, 100.09306103896104, 242.43737763896743, 359.97623222128124, 55.1834384920635, 468.159720473524, 99.68665609668105, 515.5945874004011, 350.29261421513274, 216.19431110115127, -2.212232886316572, 659.387827265136, 291.63030109793596, 526.1325321726583, 92.85344894911854, 373.5398933104333, 11.290780116067507, 332.20113934688504, 106.88160826745727, 526.8497534726145, 575.796023499498, 236.98708163623817, 135.46435586454615], 
                            [241.08710422620683, 14.606726430599164, 10.813898778154217, 35.361313933387876, 45.731679782295004, 16.640338048183693, 40.876308587427076, 109.3756441542757, 54.458326852374654, 126.19382286843584, 29.48493337725077, 0.3684092179559573, 0.710086288349332, 47.134283476064994, 11.275461744776962, 64.43815480895917, 47.62129076949617, 78.4340074518477, 14.99346237373737, 49.07507670885875, 66.96099695401216, 10.30725527777777, 87.23165257340483, 16.17875422077922, 78.71963054300768, 64.61867710646843, 35.83911272890395, 3.4806055743773103, 122.9476248335529, 50.00303830855134, 96.21162714411187, 48.85621597496706, 70.28805260053957, 1.2870232776523003, 46.84149917968505, 25.589106622121836, 115.27826667921452, 146.08638472600225, 43.03743458184326, 26.97786584007783], 
                            [2.828305020215196, 0.0751626387071021, 0.17541320032624375, 1.1584949932139723, -0.1960701675136462, 0.37594678461634956, -0.1341048591505117, -1.1880457541251024, 0.6392001239099059, 1.5789499780412808, 0.3684092179559573, 0.1678842587364326, 0.04723644990275429, 1.2842782718489252, -0.31684307516155363, 0.9853659137963476, 1.4047429261559705, 1.154047040278563, -1.1459186147186147, -2.6060307147562582, 1.5486804818370057, -0.006252182539682529, -0.802088396699921, 0.4288935786435784, -2.343314084948869, 1.9585325663466955, 0.8343657462670181, 0.5605949369471112, -1.912706908275301, 1.2949898409561456, -0.17388708356860466, -4.511720282012676, 0.4144762485099443, 0.011004740102892263, -4.080897192421102, 1.285125395256916, -1.4004402801304958, 3.706162272852745, 0.08993796034883088, 0.7377707651044615], 
                            [5.03451415622796, 0.04306994323436221, 0.3107934108162369, 1.378867371750894, 0.6444467234456365, 0.5166057908275299, 0.7740729358805434, 2.8018129587803506, 1.3278185159043858, 3.609442403852185, 0.710086288349332, 0.04723644990275429, 0.07128205031683292, 1.2914723022146943, -0.17938729531338218, 1.7694561139343754, 1.4918655969634225, 1.9256671058410182, 0.41398813131313095, 0.2734542533251768, 1.8204291188280328, 0.2220870238095239, 1.6740791964677821, 0.688074134199134, 1.458578634167763, 1.86564780099128, 1.1029922999247133, 0.2239137947800993, 1.347409161600477, 1.798348933433716, 1.724865866741952, -1.7752759065813408, 2.506050886191103, 0.11357781808770942, -0.22228161271096145, 1.0017093497082628, 1.6790931912290634, 4.275776100147438, 0.9309421701486932, 0.9062850853253017], 
                            [422.34450410910034, 24.977024066034573, 19.386117358366253, 70.64754995140757, 86.47514441150635, 34.66671075977157, 52.82562245278876, 130.90435788631646, 107.76669401624947, 233.79410924305162, 47.134283476064994, 1.2842782718489252, 1.2914723022146943, 97.17535889641755, 5.378856027667992, 125.4290011449903, 100.50263597308489, 156.74614852406057, 16.06567146464647, 51.392103420854525, 136.9517942672062, 17.45390789682539, 144.44436658777207, 38.18790270562771, 147.8400388481085, 132.92126091348266, 77.35898500782673, 2.5752599818056265, 177.40455576063422, 106.19758085199841, 177.1706773056655, -5.499737466277654, 134.40989595175344, 4.212974412290612, 45.32448810778593, 54.008273704435666, 139.48607464395505, 221.00529917002322, 74.12262469257794, 53.49533253184013], 
                            [184.7427193616016, 36.94207373490918, 2.2916223931865245, -7.7947653012419265, 34.77830363887321, -4.750648354664661, 69.79412452788758, 151.65253957745145, 32.56803301963735, 39.650610684484576, 11.275461744776962, -0.31684307516155363, -0.17938729531338218, 5.378856027667992, 72.71228805445766, 1.3840892276805368, -6.956393046928903, 30.170744367588934, 17.819616630591632, 101.04728133156098, 0.35727441809398064, 8.56470861111111, 78.55627391343559, -12.94397413419913, 62.737771417592064, 0.4526345316519277, 9.260436594140158, 6.693490691072207, 222.98187833253343, -12.103769257795355, 60.699359564590004, 368.14313843246146, -19.58942421262312, -4.464514210427254, 142.64996758579585, -13.814851447706875, 206.18430159828097, 164.61923875181944, 32.137361608319225, -1.3841754752493884], 
                            [799.6104771976592, 44.96417691386189, 33.37482354915619, 105.52995253315947, 133.9496639390802, 51.14222460944851, 81.61484607723193, 169.2076541392184, 172.92560779534472, 357.7775659984943, 64.43815480895917, 0.9853659137963476, 1.7694561139343754, 125.4290011449903, 1.3840892276805368, 236.194435708012, 145.08472199792953, 240.6626094297004, 54.32087456709959, 111.58000636606755, 221.32208273417407, 29.39619488095239, 242.80455226402213, 62.34940165945169, 277.1207006101388, 216.0242316503544, 128.43808394196623, -10.50812889139845, 321.06915327404465, 164.9291959768493, 287.6344155342241, -81.90185411412256, 208.36449864797024, 7.62752162118075, 177.13327942154467, 47.409440201706445, 214.4186073263692, 202.66840030875562, 131.80454266421984, 80.92032555994727], 
                            [425.67610114341954, 19.818591455543473, 21.355903985507247, 80.49693133357314, 87.57248234989655, 38.08676887508624, 43.43031085231192, 104.24557843340223, 109.77980308833695, 247.1351076604554, 47.62129076949617, 1.4047429261559705, 1.4918655969634225, 100.50263597308489, -6.956393046928903, 145.08472199792953, 116.92143612836436, 166.1911105244997, 9.173617857142863, 38.817314169254615, 153.87173473084877, 17.598542023809525, 145.2782814596273, 45.209867857142825, 145.8844306418218, 148.32016830572798, 81.66406552846789, -0.506055883367834, 153.11330240821238, 115.01635408902698, 175.46938431677015, -73.59686721877154, 150.90505226017936, 5.679394663561085, 25.91345757418907, 57.71699465148377, 102.11699673913034, 195.23562518581775, 80.30395431331945, 58.21182765700482], 
                            [869.5900590059204, 55.40369337483345, 36.162336173850285, 115.82314650739083, 166.89430987985438, 57.74130326871195, 107.74731933308252, 253.33525692954368, 201.08324867620297, 413.69266894566783, 78.4340074518477, 1.154047040278563, 1.9256671058410182, 156.74614852406057, 30.170744367588934, 240.6626094297004, 166.1911105244997, 301.3625223978919, 51.92399906204906, 146.05487703863162, 245.4350854570553, 34.383242142857135, 289.8160838611267, 61.93033441558441, 304.9353984377939, 237.76847951722198, 141.61790738346198, -3.3692349582784393, 403.19004924559255, 170.75122179559574, 334.7064099974906, 73.63877281197048, 218.37477297352396, 5.944116500250952, 185.97374489459824, 65.58148993035944, 313.0800983876027, 349.8982589805352, 145.64541496329767, 94.20781871666976], 
                            [429.4545692853896, 44.784240947424216, 9.649382828282832, 12.224939462759743, 48.547118542568526, 6.520311940836946, 56.8395602813853, 92.2744113997114, 79.02106049783553, 100.09306103896104, 14.99346237373737, -1.1459186147186147, 0.41398813131313095, 16.06567146464647, 17.819616630591632, 54.32087456709959, 9.173617857142863, 51.92399906204906, 91.7110931457431, 101.27403380230881, 39.93030945165943, 14.196153452380951, 120.30933020562777, 14.76385894660895, 182.1441698773449, 42.73700331890334, 54.566582527417005, -13.135060569985576, 241.05617994877358, 63.76128113275618, 156.9606968614719, 29.91247842712849, 48.28721345598845, 1.8503887265512282, 257.2639634199133, -21.65717608225106, 158.33915512265514, -30.756842668109645, 52.277944227994254, 10.673495382395389], 
                            [760.1326536080863, 84.03934231070741, 20.684814638230126, 24.883025414884614, 125.99676673019006, 15.622747999011851, 158.6337764402566, 361.5038192577952, 133.50254973453474, 242.43737763896743, 49.07507670885875, -2.6060307147562582, 0.2734542533251768, 51.392103420854525, 101.04728133156098, 111.58000636606755, 38.817314169254615, 146.05487703863162, 101.27403380230881, 291.3387080710051, 90.08385066778033, 30.811409067460325, 280.23721726737483, 5.333644200937946, 295.8381218473554, 82.17380970653737, 75.5406494615213, -7.949768981350774, 572.6754735135044, 62.23777413067007, 274.5379104343121, 549.6935713493633, 80.26283592524632, -1.9553934541454927, 436.9411966736463, -24.174972799030677, 481.71094839073965, 261.18763378108343, 126.125034025425, 25.1132346806575], 
                            [737.1619701774453, 40.89420052238393, 32.27025330949244, 109.68087162563036, 133.53939011073476, 52.32313234519106, 76.39386485977785, 163.18234350963047, 170.41901151891585, 359.97623222128124, 66.96099695401216, 1.5486804818370057, 1.8204291188280328, 136.9517942672062, 0.35727441809398064, 221.32208273417407, 153.87173473084877, 245.4350854570553, 39.93030945165943, 90.08385066778033, 225.71617254219214, 28.294782976190454, 231.13179108515286, 62.15032554112554, 254.43757553014586, 219.63851764853507, 127.21158943396703, -4.081814287282772, 290.8289286117541, 164.64547511449905, 280.231346613652, -92.6744847637869, 207.54939746847353, 7.005960021174482, 119.31966769402091, 64.9958220010666, 200.73671534286964, 259.234398817476, 122.90355201235964, 82.73222113369722], 
                            [140.49515662894038, 12.826386200123014, 4.755070119047618, 12.68511745969047, 23.321754047619045, 6.113709404761899, 21.690140952380954, 43.477015476190495, 29.88425928571426, 55.1834384920635, 10.30725527777777, -0.006252182539682529, 0.2220870238095239, 17.45390789682539, 8.56470861111111, 29.39619488095239, 17.598542023809525, 34.383242142857135, 14.196153452380951, 30.811409067460325, 28.294782976190454, 5.470451777777778, 46.50432175396824, 7.112856944444441, 53.16338623015872, 27.74132265873018, 19.8954580515873, -1.2344564285714277, 78.94916808412694, 23.86430988095235, 53.152723174603125, 31.91791734126983, 27.009322460317442, 0.6050777936507931, 52.98136507936505, 4.139677738095235, 59.370747619047634, 42.664969717460295, 22.807090476190478, 9.55630484126984], 
                            [1186.199575138706, 108.98503647947337, 40.13829017715982, 103.65298892369408, 203.02666573702874, 50.93395188280317, 187.5078267455612, 382.41266840956155, 250.9093000377219, 468.159720473524, 87.23165257340483, -0.802088396699921, 1.6740791964677821, 144.44436658777207, 78.55627391343559, 242.80455226402213, 145.2782814596273, 289.8160838611267, 120.30933020562777, 280.23721726737483, 231.13179108515286, 46.50432175396824, 413.9743736632238, 57.38255950937952, 451.6548038764192, 223.95082644598148, 157.09351540113403, -14.104884435660951, 688.9944585150491, 195.35745098578963, 457.5882783683108, 343.20575170101637, 222.85679999004026, 4.626177990549919, 468.3407895642762, 31.991270504344683, 529.34730080612, 346.6073139197535, 199.43080718316716, 75.45548571875587], 
                            [185.6717846383478, 8.8916819892785, 8.561815295815293, 33.445242969956716, 33.34766767676767, 15.650543181818184, 11.190400072150076, 19.189257756132747, 51.64913178210677, 99.68665609668105, 16.17875422077922, 0.4288935786435784, 0.688074134199134, 38.18790270562771, -12.94397413419913, 62.34940165945169, 45.209867857142825, 61.93033441558441, 14.76385894660895, 5.333644200937946, 62.15032554112554, 7.112856944444441, 57.38255950937952, 25.30426623376622, 81.84068484848486, 61.559545743145755, 39.04289013564211, -4.520509018759015, 55.03546256277056, 59.90636868686864, 80.52330627705628, -103.55357510822512, 71.25137388167381, 3.795725761183259, 25.675414033189014, 21.276475180375176, 14.338947294372296, 21.87916273304474, 32.50485003607505, 22.227633441558435], 
                            [1336.8598800091113, 141.6425536145284, 41.06205845567473, 108.93990443523934, 232.27600503952561, 55.20934621525808, 193.2121036122091, 346.1512707745153, 315.0365774185959, 515.5945874004011, 78.71963054300768, -2.343314084948869, 1.458578634167763, 147.8400388481085, 62.737771417592064, 277.1207006101388, 145.8844306418218, 304.9353984377939, 182.1441698773449, 295.8381218473554, 254.43757553014586, 53.16338623015872, 451.6548038764192, 81.84068484848486, 671.6576181441752, 247.555327062551, 213.49507604854455, -34.03708793054771, 775.8827015872389, 259.9891034537927, 549.4949369157413, 188.83507638810482, 280.36397930234006, 10.777566070330632, 626.5973710960541, 12.44097520547082, 505.0868731256665, 211.68888099041655, 215.59884028954144, 79.6481916760776], 
                            [746.02042727581, 43.00546660859655, 31.73048749764725, 107.24351178763496, 127.99942020986263, 50.464823905201065, 76.28828035635867, 152.60794298418975, 169.51579883932487, 350.29261421513274, 64.61867710646843, 1.9585325663466955, 1.86564780099128, 132.92126091348266, 0.4526345316519277, 216.0242316503544, 148.32016830572798, 237.76847951722198, 42.73700331890334, 82.17380970653737, 219.63851764853507, 27.74132265873018, 223.95082644598148, 61.559545743145755, 247.555327062551, 218.43753237028668, 128.17240178562022, -3.345835435096295, 289.51176856807183, 164.81438200012536, 277.9363547540624, -116.34240688719488, 199.3620633101195, 6.615196667450907, 123.70587268649228, 62.393079048246456, 193.87319912792503, 243.39411896149386, 119.74586878411439, 80.72567113840259], 
                            [547.5418819863959, 47.71610087254927, 18.60181327810715, 56.49794819983348, 88.62931025395251, 28.564937986605155, 59.6343186191574, 95.95679331157845, 126.18320923789126, 216.19431110115127, 35.83911272890395, 0.8343657462670181, 1.1029922999247133, 77.35898500782673, 9.260436594140158, 128.43808394196623, 81.66406552846789, 141.61790738346198, 54.566582527417005, 75.5406494615213, 127.21158943396703, 19.8954580515873, 157.09351540113403, 39.04289013564211, 213.49507604854455, 128.17240178562022, 100.63745569152107, -8.288992789086517, 255.24430638328738, 115.80290655569678, 211.88858150109778, -33.919833325475224, 119.53361275959907, 4.840690593144175, 174.09152670484335, 21.146523262610597, 144.58393600701103, 102.22081210265276, 81.65028317974773, 43.75149844538553], 
                            [-59.78872548069024, -6.4744852802647594, -0.6914263739883307, 2.923194784025661, -7.983895852939329, -1.1095373784428133, 5.393753113432456, 35.48013014775079, -10.5863833897986, -2.212232886316572, 3.4806055743773103, 0.5605949369471112, 0.2239137947800993, 2.5752599818056265, 6.693490691072207, -10.50812889139845, -0.506055883367834, -3.3692349582784393, -13.135060569985576, -7.949768981350774, -4.081814287282772, -1.2344564285714277, -14.104884435660951, -4.520509018759015, -34.03708793054771, -3.345835435096295, -8.288992789086517, 10.037251935504107, -20.336969059429688, -10.697610736244428, -27.432106960913494, 30.02711795752551, -1.945017366208664, -1.1787292642261127, -49.67744473931861, 11.461076874333385, 13.144608565468346, 88.24773909969252, -8.263932854946981, 2.853053954137651], 
                            [2049.354634498652, 239.45244722022431, 54.67235575381144, 97.80011839229513, 328.9938116727211, 50.89890082516156, 378.55349777508, 722.5499671632317, 413.05944374537285, 659.387827265136, 122.9476248335529, -1.912706908275301, 1.347409161600477, 177.40455576063422, 222.98187833253343, 321.06915327404465, 153.11330240821238, 403.19004924559255, 241.05617994877358, 572.6754735135044, 290.8289286117541, 78.94916808412694, 688.9944585150491, 55.03546256277056, 775.8827015872389, 289.51176856807183, 255.24430638328738, -20.336969059429688, 1415.4423858623416, 256.75952715186014, 761.6450828777837, 1005.1963176334464, 239.75245408443135, -1.1480486016672975, 1027.6493588312157, -19.523289141492562, 1054.766940265936, 566.4139945283324, 329.0444656649727, 80.10557996213687], 
                            [643.9492445632881, 49.02933229956556, 24.850159428132255, 86.3337887574363, 103.59974408996806, 41.70478656283328, 68.53927708450972, 111.17744207133438, 157.5646049156158, 291.63030109793596, 50.00303830855134, 1.2949898409561456, 1.798348933433716, 106.19758085199841, -12.103769257795355, 164.9291959768493, 115.01635408902698, 170.75122179559574, 63.76128113275618, 62.23777413067007, 164.64547511449905, 23.86430988095235, 195.35745098578963, 59.90636868686864, 259.9891034537927, 164.81438200012536, 115.80290655569678, -10.697610736244428, 256.75952715186014, 176.94729604743077, 260.1873498133509, -151.37178629619177, 184.98126098720118, 8.746454859934751, 158.61741874803943, 48.809608014931946, 138.16075487954075, 114.15971971053702, 103.93859761747922, 57.80340539557063], 
                            [1449.188573918834, 133.17524368278924, 46.04721252744844, 117.28688915235313, 238.5223737420792, 62.546875735617014, 183.75950285306482, 312.6711798669929, 310.61429832956895, 526.1325321726583, 96.21162714411187, -0.17388708356860466, 1.724865866741952, 177.1706773056655, 60.699359564590004, 287.6344155342241, 175.46938431677015, 334.7064099974906, 156.9606968614719, 274.5379104343121, 280.231346613652, 53.152723174603125, 457.5882783683108, 80.52330627705628, 549.4949369157413, 277.9363547540624, 211.88858150109778, -27.432106960913494, 761.6450828777837, 260.1873498133509, 584.1341864671565, 191.49517109134848, 258.1320627046864, 7.417367940585987, 563.6383966999185, 33.65057247945293, 514.1700305445762, 234.747562597387, 223.14269394723638, 86.74835087207484], 
                            [495.6653976586718, 156.6417679910791, -0.8897391884685465, -85.61472410804218, 153.2585468018696, -31.754999060480557, 323.7538192123094, 803.0623637963482, 70.89934215446392, 92.85344894911854, 48.85621597496706, -4.511720282012676, -1.7752759065813408, -5.499737466277654, 368.14313843246146, -81.90185411412256, -73.59686721877154, 73.63877281197048, 29.91247842712849, 549.6935713493633, -92.6744847637869, 31.91791734126983, 343.20575170101637, -103.55357510822512, 188.83507638810482, -116.34240688719488, -33.919833325475224, 30.02711795752551, 1005.1963176334464, -151.37178629619177, 191.49517109134848, 2350.8442431363324, -162.56305941087894, -24.13747306151578, 634.8764652017065, -90.54237751270466, 1034.9150255960224, 845.0676503362979, 128.27622438358748, -34.10397081059041], 
                            [601.8540868469861, 26.01323421287675, 30.84636770029486, 118.14510222559034, 119.77298899084006, 54.059390637743874, 80.16063698475439, 222.11379180312457, 162.58512315076214, 373.5398933104333, 70.28805260053957, 0.4144762485099443, 2.506050886191103, 134.40989595175344, -19.58942421262312, 208.36449864797024, 150.90505226017936, 218.37477297352396, 48.28721345598845, 80.26283592524632, 207.54939746847353, 27.009322460317442, 222.85679999004026, 71.25137388167381, 280.36397930234006, 199.3620633101195, 119.53361275959907, -1.945017366208664, 239.75245408443135, 184.98126098720118, 258.1320627046864, -162.56305941087894, 268.0055018915866, 10.883665118420232, 82.54611375556807, 82.44079818997433, 170.16627347543755, 288.46888436016997, 115.86624275048624, 83.46407324800808], 
